128917 242 756
128328 247 758
130573 247 760
134383 252 759
124988 251 758
133433 251 761
128713 252 762
130164 259 759
111435 275 753
326693 276 752
113358 276 753
117360 277 753
320855 278 753
107837 277 749
116545 277 748
115376 278 748
320855 278 753
118430 279 754
113671 279 759
121754 275 760
114018 275 761
114435 276 761
104911 283 746
105396 282 747
108599 281 747
325943 283 749
321589 283 748
107595 282 752
124366 273 771
121155 273 772
120175 271 769
121109 270 769
118647 270 768
138514 252 773
130684 251 771
133887 251 770
131412 250 770
140861 249 775
137038 251 774
118745 254 741
121423 253 742
