17000,bambini,55110,15,156711,420
26227,creator,41084,137,1585584,324
47480,Kowalsky,43670,1912,22911088,10
47821,MiGuSiK,54565,12,75965,430
48660,Kiohin,41084,19,209647,412
52313,madame,16650,114,1268104,343
63829,Wiza%C5%BCanka,54565,1637,18717264,36
95243,alcapone25,0,720,8062516,175
108935,Kr%C3%B3l+Garond,55030,390,4321686,244
121642,mborsuk,19711,270,3253409,267
124420,swistak16,54565,1507,17910515,44
125044,Angre,54765,1271,14550563,81
135000,pio06,0,10,36709,436
135899,Bati007,54565,1003,12135391,109
158585,po25,54565,105,1200642,348
164877,Karolbp,16650,924,10741140,135
179918,%2ANEMEZIS%2A,54565,1293,15614575,71
183144,Dwarfik,54565,791,9578759,147
187766,Jabbarek,54565,419,5002177,231
206973,Diaboleus,54565,1897,22896145,11
220181,Paola65,54634,1,10602,445
228824,Kristo1712,55030,38,92559,428
232356,DragonDG,16650,125,1511877,330
233331,Jakotako+111,0,1,2816,450
235485,sonrisa,54565,1040,12133871,110
294459,Vagabundus,54565,741,8799290,161
302586,Seelenight,54765,1239,12120478,111
319645,tancerz+miecza,4647,57,472335,392
324660,dragon+of+death,16650,1490,16529245,61
325977,Printer,54765,114,1238063,344
332221,miwit,0,52,550727,382
334610,Adi-Adriano,54565,1771,21343779,17
345510,manio7574,0,803,8051577,177
348292,macie1,54565,1494,18098887,42
351298,Koziczka,43670,410,3933893,248
355653,D-Shiznit,41084,505,5597739,209
358105,Gelehad,54769,1,2226,455
359650,raivan,54565,264,3151152,270
359746,ofiara+peruna,41084,1291,14028935,89
385240,greqqq,54565,1075,11684058,121
385954,Peety,16650,974,11500805,123
390034,Jolka+Wspania%C5%82a,54565,47,478753,390
412872,Szef007,41084,835,9288864,153
416290,%3DKalina%3D,41084,934,11211806,127
422778,marek75-75,0,21,255234,410
426520,maciek1127,54565,408,3595774,258
434475,krzysztof32,54765,495,4081624,246
444797,inferno-pl,54765,2,20901,438
451777,mwybranowski,54565,64,318668,405
457379,monrafgol,54565,2368,28758979,1
465012,Varico,16650,456,5249158,224
479834,manzis,4647,168,1728695,317
490764,mrozowo,54565,200,2183573,301
494409,KODOFIX,54565,1428,17270980,54
501242,PERS+16,43670,497,3056074,273
503871,sir+Sornann,54565,337,3660511,254
506325,Antek007,54565,1801,21111595,21
506561,%2AM%C5%9Bciciel%2A,54565,2056,24359215,8
510144,PacPac,55086,1319,14353541,83
519121,Willy1993,41084,1062,10291339,142
520106,Herod+Judmejski,54565,2056,24874351,7
521291,ekomalpa,54565,245,2625832,287
521485,tomasso301,54565,561,6503888,197
522083,King+Inferno+1,54565,1239,14894737,77
523257,filippo75,41084,56,597234,379
523757,Gondor+Knight,54565,48,570637,380
524529,Mahadev,54565,31,257975,409
525140,Polax%2A,54565,689,8198011,173
525434,Galadhaar,54565,102,1120762,350
525834,turnik,54565,162,1364440,337
526713,Denaros,54769,6,68675,432
527056,Lord+DJMisiek,54884,146,1445891,332
529621,tu%C5%9B%C5%9B,4647,56,329022,403
531414,jaroch,16650,1319,14131134,87
534021,Farmistrz,54565,115,1160211,349
535519,obszarnik,54565,1710,20667295,22
536616,vec44,54565,968,9451456,149
536722,micku%C5%9B,54565,474,5439223,214
539662,mario68,54760,7,77257,429
540109,MarioAl6P,41084,323,3324493,265
542808,Anatu,41084,170,2021631,307
546023,lalus6,54565,1193,12104402,112
549309,Piotr+XV,54565,169,1878459,312
549635,negro111,54565,449,5072912,228
549825,Neferoe,54760,1,2250,454
550041,Velonik,19711,676,6942510,188
550433,Smoczek666,54565,16,176921,416
550439,Core2DuoE6420,54565,212,2014758,308
552462,jarzabekmmz,54565,260,2728700,281
552466,%C5%81ukasz+Mielczarek,54765,1351,15347854,74
554077,SiuStrUlkA,43670,874,10557795,137
554964,Cesarzowa+Agusia,43670,564,5919614,206
556206,rebe5,54565,409,3207566,269
556294,Mythios,54765,105,718404,370
558187,Legatus+Maximus,54765,408,3806704,249
558461,karkom,54565,468,5557196,211
559327,Wolfbrigade,54765,22,187114,414
560306,jancio84,54765,1218,13043409,98
561496,zabujca36,16650,955,11301960,125
561497,Lotus12,55030,437,4789551,234
562300,idiota1,54565,1108,11931661,117
562605,hanskloss,54565,727,8134630,174
564097,L+e+m+u+r,54634,191,1355631,338
565502,Varik,54565,260,3013331,274
566035,Rusek86,0,96,986381,355
566232,Sqpek,54565,2333,28342570,3
566379,floraI,54765,120,1416539,333
566988,Xemi,43670,29,281112,407
570116,seboss10,54765,422,3078116,271
570188,santiagobernabeu,55054,88,602116,376
570745,Tommq,16650,504,4136034,245
570815,Micand1,54765,28,332976,402
571447,Odmieniec,54565,117,953548,357
571816,margin-angel,54765,1080,11711527,118
572489,The+Marley,55110,10,121540,425
572840,Chudy+-+M.+J.,41084,1211,14716326,80
574604,ju%C5%BC+w+u%C5%BCyciu,54565,62,742444,367
575131,Barbara18,19711,215,2533505,291
575463,jamala30,54565,499,6064721,201
575873,muszka86,0,1,12154,443
577669,Dominik+G,16650,1724,18822283,34
578328,Ronin11,54565,2054,20509821,23
578850,H0bbiT,54765,898,10103157,143
581611,stanley223,54565,1368,16088242,64
581646,Radomir01,16650,110,1212907,347
581855,claudia123,54565,1099,13168260,97
582214,enno,54565,672,6805991,191
582315,inmortalis,43670,623,7530667,182
582791,Rozalion,4647,59,631962,374
584034,Gambrinus,54565,654,7944885,178
584543,Z%C5%82yDotyk,16650,814,8626072,165
585674,Mario1001,16650,22,267309,408
586390,Sacan,41084,1501,17059815,56
587377,kamil0007,16650,150,1634374,321
588465,pinch,41084,116,1344041,340
588985,gnutek+All,54565,68,688438,372
589399,kamil%40kamil%40,43670,513,5083761,227
590413,A5T31RA,16650,51,514344,384
590871,CLINER,54765,1761,19907238,27
592963,bartas8,54765,1308,13978528,92
594129,kosy1,16650,236,2595442,289
594430,J-26,54565,1885,22286058,14
595775,Bia%C5%82yJar,54565,241,2928118,276
595945,jack32,41084,1821,21296592,18
596243,Miker+King,16650,1,2564,452
596438,Fighterwinner,41084,471,5428740,215
597603,Pocz%C4%85tek+i+Koniec,54765,451,4026704,247
598474,Dominik+Siadul,43670,1282,14289625,85
599105,Nahajka,41084,15,174608,417
601095,kusy1,54565,2320,28195564,4
602344,peterko123,43670,363,4403402,243
602396,lipekdwl,54565,309,3643808,255
604383,goorka,55118,162,1538028,326
606539,GrzechuStary,54565,1845,22366093,12
607747,lord+all,55030,28,327728,404
607962,MapietN,41084,1533,18614697,38
609286,Appi,16650,1613,17024069,57
609384,Brbi,54565,226,2258121,296
610740,kamilrob,8280,65,484667,388
610751,toporek1,16650,204,2222049,298
611645,guliardo,54765,124,1327952,341
612912,RATAJ04,16650,1586,17751444,45
613198,Hai+Long,41084,333,1636364,320
613558,misza1981,54765,562,5351414,218
614984,schindler,8280,75,763166,365
615254,nekaa,54565,1670,19915095,26
615564,mienia2,16650,255,2584381,290
618174,osjanisko,16650,34,385563,399
618431,SZTYLETOR,41084,82,952228,358
619039,pawel+1973,16650,714,7529036,183
620500,Uszat4,43670,41,494164,387
620684,Piotrek233,54992,11,123509,424
621468,%3D+Malygos+%3D,54565,2227,22168750,15
622476,rosole,41084,265,3071626,272
622616,Ola212,16650,43,497835,386
625006,jurica,54565,793,8793474,162
625022,dukatkg,43670,793,9601402,146
625148,kolcz89,54565,319,3628985,257
625256,jaras2,54565,190,2182047,302
626585,grze19,43670,112,1034040,353
627978,Rbit,54565,248,2914412,277
628577,Teranowa,16650,633,7080294,186
629191,Ms.+Dreiss,54565,266,2656303,285
629429,SZERRSZE%C5%83,18504,0,0,463
634444,muton9k,43670,1214,14312834,84
634701,J0007,43670,311,3756860,250
634967,lelek19,54565,1666,20194612,25
635697,adireporter18,54565,226,2735120,280
636885,paulada,54565,1870,22055300,16
636921,IMRIHT,41084,1852,21293211,19
642448,medalao,16650,7,67661,433
644392,firemen13,43670,677,7788276,179
645100,Gatorek,54565,671,6790361,192
646359,bialy25,16650,1038,12008827,115
647113,diablica14,16650,209,2485566,292
647151,qubalix,54565,2105,25574774,5
648773,wojtekwpr,54565,1606,19296848,30
650851,gregorek,16650,958,10311916,141
653273,piotrek609,54565,154,1753906,316
653316,Tedas,6298,20,183743,415
655916,Graczykos,54565,114,1380084,336
658579,Sagaen,43670,87,890069,360
659623,lucas+lodz,54565,886,9292938,152
664738,Knopsi,16650,917,10385587,139
665820,czakosmj,54565,686,8200976,172
666168,Schisman42,54565,454,5467658,213
666472,Lordii666,55030,454,5021219,229
667588,ascanio1,16650,598,6896322,189
668693,bat7,16650,312,3347731,264
669845,Jarco,54565,642,6032645,203
670014,cobra64,43670,1862,22310357,13
671531,Matys21105,54765,1772,17282666,53
673008,JumpTheRiver,16650,1590,17578219,48
674385,Nodal,43670,1,12154,442
675124,Sir+Przemus,43670,582,5366781,217
675955,kojot73,55140,1,116,461
676281,Sanwil,16650,1336,14482980,82
676323,DanCo,41084,163,1895533,311
679252,arctic-warrior,41084,1632,18672210,37
679490,FORTEPIAN,43670,784,9343243,151
679866,kinderP,54565,1312,15760899,69
679975,OZOON,54760,2,2618,451
680426,Mastermixus,41084,907,10588749,136
681843,poorparcel,54565,364,3634945,256
681897,Chou,18504,4,48616,435
684862,sir+August,41084,516,6270905,198
685619,sopoter,54568,4,35535,437
687749,nuneczka24,16650,1808,19752321,29
689139,marek1967,54760,5,3955,449
689219,rot00,54565,925,11241974,126
690746,Syrian20,0,76,834528,362
691687,rudy06,54565,377,3379797,262
691874,Skelthimd,43670,19,157398,419
692186,agirre,16650,884,9423635,150
693767,gornikking,41084,2066,23756726,9
696360,abrowarek,41084,165,1983143,310
696854,Nabram,21984,41,484206,389
697302,Mocz+tenora,0,424,4644396,239
697646,Hemcio,54565,1476,14771193,79
698708,%40res,55034,16,134305,423
698819,colombina01,43670,1312,15901552,65
699082,bobo230,43670,35,418853,395
699514,robi30,54565,1211,14130514,88
699817,Atylka+hun,43670,124,1457712,331
700326,Antonio2007,0,1419,15716399,70
700526,pawel-d,16650,1563,17633769,46
700602,lord+Arkas,16650,205,2477164,293
700614,glebinow,16650,944,10874445,133
702970,yarek007,54718,29,352433,401
706659,PEPE2007,43670,41,509461,385
707415,czarnoksieznik+ozz,55030,62,697286,371
709672,audic,54565,712,8449630,168
709892,trol55,43670,101,1220625,345
710829,Megi-kg,43670,638,6711685,194
711684,Franczesq,43670,1014,12036369,114
712216,toreno1,16650,1272,12587900,105
713453,DawKac,54565,2337,28395655,2
714595,pawelek1001,18504,73,887242,361
714869,baca68,55030,107,1217267,346
717950,lezeb,54565,123,1398966,335
718408,dav77,41084,1405,16820224,59
723226,Gregpine,16650,248,2436483,294
723708,micha%C5%8273,43670,936,11353965,124
725019,tolkinson,55030,1334,14025607,90
725387,Tuczek1996,55030,53,598572,378
725538,edool,43670,233,2667886,284
726289,adario,54565,79,767138,364
726340,trzepacz91,16650,649,7701215,180
727238,dzimmmi,0,169,1618542,322
728826,joker221,43670,161,1645959,319
729868,gerudir,43670,558,6632995,196
730548,mario1376,55030,45,546177,383
731927,Lanndo,0,33,401034,397
735204,misiu9lat,16650,553,6667911,195
736904,Rabban,41084,840,8884136,159
743610,kylu4,55030,1067,12067550,113
744751,OKO84,0,108,810849,363
747422,janush4,16650,139,1516466,328
748134,madziarrrka,16650,1460,17586439,47
748604,w%C5%82atcy+m%C3%B3ch%C3%B3w,43670,1688,20467468,24
748696,HariSeldon,55079,1418,14981438,75
749437,wtatar,55030,692,8056333,176
750479,adolf33,43670,281,3386151,261
751623,Szymsan,54760,1,1539,456
751763,Mariux,16650,1474,15856013,66
752713,Gimli+s.Gloina,24730,267,2204057,299
754078,gamin,41084,1139,13779560,94
758555,cena19,55030,66,663957,373
759125,VEEMON,54713,80,617102,375
759378,BAJTEK13,55125,688,7015763,187
760210,pablo4394,43670,140,1414094,334
762233,nonna,43670,121,1353085,339
763372,Kurczakos14,55079,40,419703,394
766860,Irekw,55030,47,392043,398
767571,jeti69,54565,198,2202198,300
767612,catanpl,54565,1298,14921645,76
768907,jack26,42358,53,599042,377
769882,detomasso,54565,1117,12649780,104
771460,Gosyaczek,0,43,470956,393
771582,Gniewko+P,16650,849,9219908,155
772391,Czerwona-Armia,41084,339,3473985,260
773129,siniak1,54565,902,8392924,170
775188,tomi814,41084,1208,11973157,116
779019,polnibet,55087,1018,11708541,119
779051,niedzwiadeeek,54565,454,5086510,226
780011,SopHiron%2A,16650,1350,15847418,67
780445,sircht,54565,525,6055705,202
781833,ania01,43670,849,10318099,140
785121,unleashed,41084,1696,18406081,40
785154,Pawisz,54565,721,8761267,163
786678,pawkis,43670,708,8396674,169
788155,Mkot,54565,1393,13288494,95
788282,tymon5,54565,1091,12495832,106
790171,weezyr,54565,1486,16196388,63
794002,Gandaliusz,0,0,0,462
796750,wsn555,41084,87,1025043,354
800290,Luap,43670,149,1569517,325
803173,Matterk,16650,1118,12421483,107
804033,Fuss88,55091,36,119333,426
805701,fiesto9977,54760,17,196575,413
806757,Mohylowo,16650,364,3738473,251
807333,Tomekmio,55030,188,2127519,305
808132,konorus,16650,1199,13259881,96
809374,Sorgo1,54565,951,11533888,122
809413,ALeeXx91,55030,14,164364,418
812768,emlv,41084,986,11029341,131
815327,mariomendez,54565,867,9974386,145
815354,drinkers123,0,58,477247,391
816849,Miki129,16650,1241,12691890,103
817118,banditen,16650,1861,18736808,35
818400,CiechoCinek,43670,730,8748678,164
820122,czorny18,41084,387,4645513,238
820246,Asia-Koks,41084,150,1516427,329
822434,romikhehe3,43670,894,10800812,134
822540,Daro1969,41084,2100,25522439,6
823732,NUTER1982,16650,356,3347993,263
825059,Dasha,54565,141,1708216,318
825142,ddaarr,16650,808,9262417,154
825354,red1313,43670,86,922319,359
829292,1darek,28348,1,11581,444
830069,Oktawianus+M%C5%9Bciciel,54856,1838,19824455,28
830404,PiastMariusz,16650,527,5342083,219
831924,zelaznapompka,41084,965,10478883,138
832005,W%C5%82adca+WiTeK,16650,273,2979396,275
832354,edekzkrainy,54565,1559,17345742,49
832492,marszal626,43670,506,6149924,199
832614,Kerajjaro,16650,617,5917806,207
835112,Vortigern666,54565,978,10052502,144
838127,Patycki,41084,505,5641307,208
838382,mzungu,0,6,59825,434
838683,Galiahas,41084,200,1868958,313
844197,asdfghd1,43670,1343,16315637,62
844956,tapirek,16650,725,8520424,167
845948,jozwo,41084,1283,14262009,86
846103,kamilBradford,54565,1615,18486915,39
847708,mrrocky,43670,423,5020062,230
847819,SPARTAGRESOR,41084,1106,13034274,100
853250,Kr%40tol,43670,1500,18107119,41
853853,teczabiskupiec,41084,838,9218998,156
859137,kruk9090,43670,237,2880391,278
859163,Krysia111,16650,939,10909668,132
862414,czarny+C,16650,1460,17312514,51
862861,Ciekiel,54958,12,103031,427
866486,Marcinb115,43670,335,3711078,252
871893,kicio123,41084,507,6137246,200
875623,dudi271,16650,375,4483745,242
876359,wsiok13,54565,750,8567801,166
876826,Trawerson,54757,1,1504,457
880990,Luka89,54565,1220,12916780,102
883019,Karabaj,41084,1813,19139928,31
883555,sllloma,41084,579,5922812,205
884732,pirat1241,41084,1026,12146753,108
885774,ukasik21,54565,414,4711148,236
886791,Vigo1988,43670,441,5285756,222
887743,Gen.Whiskey,43670,398,4568626,240
888081,Tojfer,16650,415,4558747,241
890067,beatris777,55030,1278,13984229,91
890835,tequilas+van+got,55114,1,2314,453
894572,pawelqs,41084,1483,18019496,43
896470,Vektrus+I,54565,1468,17331842,50
897943,k%C4%99dzior687,54565,397,4705003,237
899686,Woman+In+Black,16650,1059,11177128,128
901815,ZcK55,16650,659,6760339,193
902058,ZcK5,16650,734,7129198,185
902453,MaxxGda,54565,1121,11159755,129
903980,Ronnin,16650,1487,15350112,73
906601,olesM,55068,27,290905,406
912039,Radomir18,16650,488,5926058,204
912110,Matka+Polka,41084,984,11690578,120
912977,fajfy,43670,110,1091956,351
914550,roman-1970,43670,34,403892,396
921930,matrei,16650,1553,18856901,33
926823,luki0911,54565,1713,19062151,32
932609,Kylopan,54565,1395,15786680,68
942852,Lesio2,54565,1301,14807550,78
949259,Milten10,54769,6,18766,439
949777,MarcinKr,16650,230,2096821,306
951449,Elnor,18504,1,370,459
958386,maxter82,54565,1,5999,448
975226,Diablowhite,41084,832,9556169,148
976627,kamilzet,8280,182,1860903,314
987696,tayson+1994,41084,738,8921024,158
994283,Darheda,55030,211,2320968,295
1010133,Marcopolus123,43670,153,1858295,315
1015528,XXARDASS,54565,1521,17297964,52
1018039,julianka,54704,481,5277928,223
1021294,rafi489,43670,1149,12985241,101
1023690,HABIBULIN,54565,1077,11141637,130
1035595,Gustaw-Jelen,54565,756,8331150,171
1046736,Sofusek,41084,195,2168045,303
1050030,Monte11,55030,283,3247074,268
1053260,HellMare21,43670,1431,16824325,58
1069955,kazamat,0,1,12154,441
1070082,asiorekc,54565,1225,13925712,93
1072032,tomus37,55142,15,154114,421
1092975,konradkodi,43670,463,4780224,235
1099362,Xafius,54992,66,758452,366
1103424,%C5%81ukasz194,41084,239,2254282,297
1104156,parysony21,0,7,7981,446
1129384,aniusia999,43670,520,5340846,220
1159728,kant37,41084,1179,13040537,99
1170713,100482,43670,432,5130003,225
1173404,Kenic011,16650,700,7162569,184
1186610,ave.fifola,55030,287,2650177,286
1186825,gustlik1013,43670,170,2002346,309
1187745,pudzian01,16650,799,8965778,157
1215698,Bercik71,0,2,15469,440
1216997,tomekjokiel,43670,308,3558572,259
1226222,lippaa,43670,249,2681924,282
1231442,skejt+damians,54769,63,210414,411
1232216,marcinko050792,54565,1385,16775078,60
1232623,matfab7,16650,243,2874856,279
1238481,piwowarczyk,43670,64,722259,369
1240591,WitekZ,16650,444,5329639,221
1248017,WarsKrak,43670,580,5376251,216
1259976,gregus-gregorjan,0,1,1214,458
1263125,asia+%C5%BCabka,43670,460,4974570,232
1278421,kamilwwww0,43670,1757,21288575,20
1282798,Michql,16650,807,8854967,160
1286643,Mmaniek123,55030,126,1325815,342
1286959,joeblack7,16650,623,7564148,181
1293001,Slawek955,0,458,5549176,212
1296233,wariatk%C3%B3w,54565,1375,15548829,72
1322465,Kossaa,0,90,561535,381
1327686,Galwamore,43670,561,6817679,190
1345117,AsasynRz,55030,106,975064,356
1347679,ocean+ognia,43670,92,736841,368
1349337,Syriusz100,55030,149,1537693,327
1355633,sas2007,0,33,354130,400
1397158,holdi2,41084,239,2625281,288
1400289,1danio1,43670,188,1597611,323
1404392,Air+Raid,43670,1411,17100464,55
1424417,kannnas,0,14,147097,422
1427867,fireman007,43670,370,3680545,253
1428474,chuba,0,6,7399,447
1438265,onet777,43670,293,2669930,283
1450160,armagedon1976,16650,532,4880028,233
1455793,Piomal,54565,273,3302512,266
1466020,grozna+malpa,55008,1,116,460
1509350,Lakers900,41084,6,69868,431
1539899,Jarek+19931,0,110,1035390,352
1541784,bigwitok,43670,178,2145527,304
1558093,panasik,19711,572,5584309,210
